eye 0 0 50
look 0 0 10
up 0 1 0
d -10
bounds -5 5 -5 5
res 256 256
# you may include comments here
ambient 0.2 0.2 0.2
light -20 7 30 1 0.7 0.7 0.7
light 20 7 30 1 0.7 0.7 0.7

background 0 153 0

sphere 0 -18 0 2 0.2 0.2 0.2 0.7 0.7 0.7 0.5 0.5 0.5 1.0 1.0 1.0 0 2 0 0 1 1

sphere 0 0 0 2 0.2 0.2 0.2 0.7 0.7 0 0.5 0.5 0.5 1.0 1.0 1.0 0 0 0 0 1 1

sphere -2 4 0 2 0.2 0.2 0.2 0.7 0 0 0.5 0.5 0.5 1.0 1.0 1.0 0 0 0 0 1 1
sphere 2 4 0 2 0.2 0.2 0.2 0 0 0.7 0.5 0.5 0.5 1.0 1.0 1.0 0 0 0 0 1 1

sphere 0 8 0 2 0.2 0.2 0.2 0.1 0.1 0.1 0.5 0.5 0.5 1.0 1.0 1.0 0 0 0 0 1 1
sphere 4 8 0 2 0.2 0.2 0.2 0.7 0.7 0 0.5 0.5 0.5 1.0 1.0 1.0 0 0 0 0 1 1
sphere -4 8 0 2 0.2 0.2 0.2 0 0.7 0 0.5 0.5 0.5 1.0 1.0 1.0 0 0 0 0 1 1

sphere 6 12 0 2 0.2 0.2 0.2 0.7 0.4 0.1 0.5 0.5 0.5 1.0 1.0 1.0 0 0 0 0 1 1
sphere -2 12 0 2 0.2 0.2 0.2 0.4 0.2 0.7 0.5 0.5 0.5 1.0 1.0 1.0 0 0 0 0 1 1
sphere 2 12 0 2 0.2 0.2 0.2 0.3 0.2 0.2 0.5 0.5 0.5 1.0 1.0 1.0 0 0 0 0 1 1
sphere -6 12 0 2 0.2 0.2 0.2 0.7 0.4 0.1 0.5 0.5 0.5 1.0 1.0 1.0 0 0 0 0 1 1
